76563513006 3 136640 8 0 ba9d8160c74308b667bbf3775811b8f2 1
76839445294 3 136648 8 0 7d680db5141322cfaa7708439f2fd9dc 1
76839448212 3 136664 8 0 beb4bd566463ec8fd5eb558d2e9f5661 1
76563513006 3 136640 8 0 ba9d8160c74308b667bbf3775811b8f2 2
76839445294 3 136648 8 0 7d680db5141322cfaa7708439f2fd9dc 2
76839448212 3 136664 8 0 beb4bd566463ec8fd5eb558d2e9f5661 3
76563513006 3 136640 8 0 ba9d8160c74308b667bbf3775811b8f2 3
76839445294 3 136648 8 0 7d680db5141322cfaa7708439f2fd9dc 4
76839448212 3 136664 8 0 beb4bd566463ec8fd5eb558d2e9f5661 4
76839452421 3 136688 8 1 6a1b1e2cbb3911427ef5448082d35ed7 1
76839524242 3 136704 8 1 f01eb81e2273546bbd43ee20b5d57fac 1
76839452421 3 136688 8 1 6a1b1e2cbb3911427ef5448082d35ed7 2
76839524242 3 136704 8 1 f01eb81e2273546bbd43ee20b5d57fac 2
76839452421 3 136688 8 1 6a1b1e2cbb3911427ef5448082d35ed7 3
76839524242 3 136704 8 1 f01eb81e2273546bbd43ee20b5d57fac 3
76839448212 3 136664 8 0 beb4bd566463ec8fd5eb558d2e9f5661 5
76839452421 3 136688 8 0 6a1b1e2cbb3911427ef5448082d35ed7 5
